2.999999999999999889e-02
3.949494949494949253e-02
4.898989898989898617e-02
5.848484848484847981e-02
6.797979797979797345e-02
7.747474747474747403e-02
8.696969696969696073e-02
9.646464646464644743e-02
1.059595959595959480e-01
1.154545454545454486e-01
1.249494949494949353e-01
1.344444444444444220e-01
1.439393939393939226e-01
1.534343434343434232e-01
1.629292929292928960e-01
1.724242424242423966e-01
1.819191919191918971e-01
1.914141414141413977e-01
2.009090909090908983e-01
2.104040404040403711e-01
2.198989898989898717e-01
2.293939393939393723e-01
2.388888888888888451e-01
2.483838383838383457e-01
2.578787878787878185e-01
2.673737373737373746e-01
2.768686868686868197e-01
2.863636363636363757e-01
2.958585858585858208e-01
3.053535353535352659e-01
3.148484848484848220e-01
3.243434343434342670e-01
3.338383838383838231e-01
3.433333333333332682e-01
3.528282828282828243e-01
3.623232323232322694e-01
3.718181818181818254e-01
3.813131313131312705e-01
3.908080808080807156e-01
4.003030303030302717e-01
4.097979797979797167e-01
4.192929292929292728e-01
4.287878787878787179e-01
4.382828282828282740e-01
4.477777777777777191e-01
4.572727272727271641e-01
4.667676767676767202e-01
4.762626262626261653e-01
4.857575757575757214e-01
4.952525252525251664e-01
5.047474747474747225e-01
5.142424242424241676e-01
5.237373737373737237e-01
5.332323232323231688e-01
5.427272727272727249e-01
5.522222222222221699e-01
5.617171717171716150e-01
5.712121212121211711e-01
5.807070707070706161e-01
5.902020202020201722e-01
5.996969696969696173e-01
6.091919191919191734e-01
6.186868686868686185e-01
6.281818181818181746e-01
6.376767676767676196e-01
6.471717171717170647e-01
6.566666666666666208e-01
6.661616161616160658e-01
6.756565656565656219e-01
6.851515151515150670e-01
6.946464646464646231e-01
7.041414141414140682e-01
7.136363636363636243e-01
7.231313131313130693e-01
7.326262626262625144e-01
7.421212121212120705e-01
7.516161616161615155e-01
7.611111111111110716e-01
7.706060606060605167e-01
7.801010101010100728e-01
7.895959595959595179e-01
7.990909090909089629e-01
8.085858585858585190e-01
8.180808080808079641e-01
8.275757575757575202e-01
8.370707070707069652e-01
8.465656565656565213e-01
8.560606060606059664e-01
8.655555555555554115e-01
8.750505050505049676e-01
8.845454545454544126e-01
8.940404040404039687e-01
9.035353535353534138e-01
9.130303030303029699e-01
9.225252525252524149e-01
9.320202020202019710e-01
9.415151515151514161e-01
9.510101010101008612e-01
9.605050505050504173e-01
9.699999999999999734e-01
